1 43 3 19 8 14 41 2 60 1 94 9 98 23 99 72 76 98 62 98 29 98 13 96 3 73 
4 24 20 10 35 6 56 7 86 15 95 37 98 70 84 88 38 96 12 86 10 84 6 61 
6 53 10 19 12 18 36 7 56 9 73 12 94 38 95 53 80 87 55 93 15 84 
9 62 9 56 10 49 13 30 25 13 36 12 66 11 86 32 87 36 91 58 86 66 74 85 65 87 46 88 34 82 14 67 
13 62 28 17 39 12 63 13 81 33 83 39 86 56 83 70 82 72 59 78 38 79 
18 61 28 18 42 14 60 13 82 43 82 49 81 57 75 69 67 74 50 77 37 78 
22 61 27 28 41 30 71 41 77 45 69 66 62 70 48 74 34 73 
25 59 27 40 32 36 36 35 63 42 67 61 62 62 46 65 27 64 
31 43 32 42 62 52 65 58 32 59 
43 46 54 58 45 56 
